0
1 31 1 186 156 0
1 186 180 0
1 186 204 0
1 186 228 0
1 186 252 0
1 186 276 0
1 186 300 0
1 186 324 0
1 186 348 0
1 186 372 0
1 186 396 0
1 186 420 0
1 186 444 0
1 174 456 3
1 150 456 3
1 131 461 0
1 131 485 0
1 131 509 0
1 129 531 3
1 105 531 3
1 85 535 0
1 85 559 0
1 85 583 0
1 85 607 0
1 65 611 3
1 41 611 3
1 26 602 1
1 26 578 1
1 26 554 1
1 26 530 1
1 26 506 1
1 26 482 1
0 0 0 0
41 467
814 100
769 124
438 558
465 300
185 545
281 27
761 491
444 413
227 36
0 286 409